1744644869793 0.2771275043487549 0
1744644869839 0.07715193182229996 1
1744644869883 0.04336075484752655 2
1744644869928 0.02871931716799736 3
1744644869978 0.01656602881848812 4
1744644870021 0.010661378502845764 5
1744644870064 0.006416015792638063 6
1744644870112 0.01013039331883192 7
1744644870156 0.008820684626698494 8
1744644870202 0.0095911156386137 9
1744644870249 0.008519885130226612 10
1744644870295 0.007576290052384138 11
1744644870366 0.007103851065039635 12
1744644870446 0.005704755429178476 13
