1744645128704 0.2977549731731415 0
1744645128754 0.08140172809362411 1
1744645128805 0.04521806910634041 2
1744645128859 0.027926750481128693 3
1744645128906 0.022826770320534706 4
1744645128952 0.01460860576480627 5
1744645128997 0.010911613702774048 6
1744645129049 0.007775573525577784 7
1744645129100 0.00529232295230031 8
1744645129159 0.00496042100712657 9
1744645129211 0.003184949979186058 10
1744645129286 0.0032485041301697493 11
1744645129339 0.0029655906837433577 12
1744645129389 0.0015945504419505596 13
1744645129438 0.001467595691792667 14
1744645129492 0.0008307943353429437 15
1744645129541 0.0005747325485572219 16
1744645129589 0.0004734185349661857 17
1744645129638 0.0003459602303337306 18
1744645129689 0.00031210220186039805 19
1744645129734 0.00012123183842049912 20
1744645129780 0.0001608543680049479 21
1744645129829 0.00011372393782949075 22
1744645129875 0.00018174172146245837 23
