1744645128681 0.9064393043518066 0
1744645128730 0.980928897857666 1
1744645128780 0.9908009767532349 2
1744645128832 0.9952883124351501 3
1744645128881 0.9955126643180847 4
1744645128928 0.9970832467079163 5
1744645128973 0.9979807138442993 6
1744645129021 0.9977563619613647 7
1744645129073 0.9991025328636169 8
1744645129134 0.9991025328636169 9
1744645129189 0.9993268847465515 10
1744645129255 0.9991025328636169 11
1744645129314 0.9995512962341309 12
1744645129365 0.9997756481170654 13
1744645129415 0.9997756481170654 14
1744645129466 0.9997756481170654 15
1744645129514 1.0 16
1744645129564 0.9997756481170654 17
1744645129610 1.0 18
1744645129663 1.0 19
1744645129711 1.0 20
1744645129756 1.0 21
1744645129801 1.0 22
1744645129850 1.0 23
